# HAP SAD SUR ANG DIS PIC
------------------------------------------------------
1 2.67 2.80 1.53 1.80 2.00 KM-NE1
2 3.00 2.67 1.53 2.00 1.87 KM-NE2
3 2.67 2.73 1.67 2.20 2.40 KM-NE3
4 4.67 1.13 1.27 1.13 1.13 KM-HA1
5 4.53 1.20 1.13 1.00 1.00 KM-HA2
6 4.07 1.07 1.13 1.00 1.13 KM-HA3
7 4.87 1.00 1.13 1.00 1.00 KM-HA4
8 4.33 1.33 1.20 1.13 1.13 KM-HA5
9 1.47 3.67 1.60 2.27 2.80 KM-SA1
10 1.07 3.67 1.73 2.67 3.33 KM-SA2
11 1.33 4.20 1.73 2.60 3.33 KM-SA3
12 1.33 4.33 1.20 2.07 2.87 KM-SA4
13 1.53 3.67 1.53 2.40 4.07 KM-SA5
14 1.93 1.60 4.80 1.47 1.47 KM-SU1
15 3.13 1.47 4.93 1.47 1.40 KM-SU2
16 2.87 1.73 4.80 1.40 1.47 KM-SU3
17 1.67 2.20 1.53 4.27 3.60 KM-AN1
18 1.47 2.60 1.33 4.13 4.00 KM-AN2
19 1.27 2.60 1.40 4.40 3.87 KM-AN3
20 1.47 1.73 1.53 4.13 4.73 KM-DI1
21 1.13 2.00 1.47 2.93 4.73 KM-DI2
22 1.47 1.87 2.07 3.73 4.67 KM-DI3
26 2.93 2.33 1.93 2.13 2.00 KA-NE1
27 2.53 1.80 1.73 1.60 1.60 KA-NE2
28 2.36 1.79 1.86 1.64 1.50 KA-NE3
29 4.60 1.53 2.53 1.20 1.33 KA-HA1
30 4.40 1.53 2.07 1.33 1.33 KA-HA2
31 4.33 2.00 2.27 1.40 1.53 KA-HA3
32 3.53 2.20 1.40 1.20 1.20 KA-HA4
33 1.27 3.80 2.00 1.73 2.93 KA-SA1
34 1.27 4.20 1.80 2.07 2.33 KA-SA2
35 1.33 3.60 1.73 2.07 3.00 KA-SA3
36 2.67 1.60 4.60 1.33 1.27 KA-SU1
37 2.80 1.67 4.53 1.67 1.67 KA-SU2
38 3.40 1.73 4.67 1.36 1.40 KA-SU3
39 2.07 1.93 1.27 4.20 3.60 KA-AN1
40 1.93 2.13 1.67 4.47 4.13 KA-AN2
41 1.13 2.20 1.47 3.73 4.67 KA-AN3
42 1.73 2.87 2.60 2.93 4.20 KA-DI1
43 1.67 2.07 1.93 2.80 4.27 KA-DI2
44 1.13 2.07 1.53 2.47 4.53 KA-DI3
49 3.07 2.93 1.60 2.13 2.20 YM-NE1
50 3.13 2.87 1.60 1.93 1.80 YM-NE2
51 3.00 2.87 1.67 2.13 2.13 YM-NE3
52 4.60 1.73 1.27 1.27 1.33 YM-HA1
53 4.80 1.27 1.27 1.13 1.13 YN-HA2
54 4.87 1.27 1.13 1.13 1.07 YM-HA3
55 2.07 4.40 1.13 1.13 1.33 YM-SA1
56 2.20 4.13 1.27 1.20 1.67 YM-SA2
57 1.47 3.53 1.47 1.79 2.53 YM-SA3
58 2.20 1.60 4.73 1.60 1.47 YM-SU1
59 2.87 1.53 4.33 1.80 1.47 YM-SU2
60 3.00 1.67 4.93 1.60 1.47 YM-SU3
61 1.47 1.60 1.67 4.40 4.07 YM-AN1
62 1.53 1.80 1.33 3.80 2.93 YM-AN2
63 2.00 1.87 1.33 4.47 3.47 YM-AN3
64 1.67 2.87 2.20 2.53 4.53 YM-DI1
65 1.60 2.13 2.40 3.13 4.73 YM-DI2
66 1.53 2.93 2.33 3.00 4.47 YM-DI3
71 2.20 2.00 1.73 2.40 2.20 KR-NE1
72 2.07 2.13 1.73 2.60 2.13 KR-NE2
73 1.87 1.87 1.67 2.87 1.87 KR-NE3
74 4.00 1.53 1.13 1.07 1.07 KR-HA1
75 3.93 1.33 1.47 1.20 1.20 KR-HA2
76 4.40 1.67 1.40 1.40 1.40 KR-HA3
77 1.40 3.80 1.53 1.93 2.87 KR-SA1
78 1.40 3.67 1.73 2.33 3.00 KR-SA2
79 1.47 3.53 1.93 2.40 3.20 KR-SA3
80 1.80 2.00 4.27 1.87 1.73 KR-SU1
81 2.53 2.07 4.60 1.93 2.00 KR-SU2
82 1.53 1.67 4.47 1.71 1.60 KR-SU3
83 1.27 2.13 1.40 4.13 3.07 KR-AN1
84 1.93 2.27 1.47 4.53 3.67 KR-AN2
85 1.93 2.00 1.73 4.47 3.47 KR-AN3
86 1.40 2.20 2.27 3.07 4.47 KR-DI1
87 1.60 2.07 2.40 3.80 4.07 KR-DI2
88 1.67 2.87 1.60 4.13 3.87 KR-DI3
92 3.40 2.27 1.33 1.73 1.73 NM-NE1
93 3.40 2.07 1.40 1.67 1.67 NM-NE2
94 3.27 2.33 1.40 2.20 1.87 NM-NE3
95 4.53 1.60 1.13 1.13 1.20 NM-HA1
96 4.33 1.60 1.53 1.33 1.27 NM-HA2
97 4.27 1.60 1.93 1.40 1.40 NM-HA3
98 2.53 3.87 1.47 1.60 1.60 NM-SA1
99 1.93 2.60 2.00 1.60 1.87 NM-SA2
100 1.80 3.33 1.53 1.27 2.13 NM-SA3
101 2.27 1.47 4.67 1.27 1.33 NM-SU1
102 2.60 1.60 4.60 1.47 1.33 NM-SU2
103 3.27 1.80 4.60 1.53 1.47 NM-SU3
104 2.53 2.47 1.67 1.93 2.00 NM-AN1
105 2.07 2.27 1.80 2.33 2.27 NM-AN2
106 1.80 3.53 1.53 3.60 3.87 NM-AN3
107 2.73 2.73 1.47 2.20 3.00 NM-DI1
108 1.80 2.07 1.60 1.93 2.47 NM-DI2
109 2.20 1.73 1.67 2.33 3.07 NM-DI3
113 2.47 2.47 1.67 1.60 1.67 MK-NE1
114 3.80 2.20 1.60 1.73 1.53 MK-NE2
115 3.47 2.13 1.27 1.33 1.33 MK-NE3
116 4.20 1.40 1.73 1.13 1.13 MK-HA1
117 3.87 1.93 1.27 1.47 1.27 MK-HA2
118 4.47 1.53 1.27 1.20 1.20 MK-HA3
119 2.00 4.00 1.53 1.60 2.20 MK-SA1
120 2.13 4.27 1.47 1.73 2.13 MK-SA2
121 1.40 4.67 1.33 1.53 1.93 MK-SA3
122 3.00 1.93 4.87 1.20 1.33 MK-SU1
123 2.07 1.60 4.93 1.67 1.67 MK-SU2
124 2.27 2.67 4.80 1.73 1.73 MK-SU3
125 1.14 2.00 1.50 3.79 4.21 MK-AN1
126 1.93 3.13 1.80 3.67 4.20 MK-AN2
127 1.53 2.87 2.33 4.27 4.13 MK-AN3
128 1.07 2.33 1.53 3.67 4.73 MK-DI1
129 1.07 3.00 2.20 1.93 3.67 MK-DI2
130 1.80 2.73 1.80 2.20 4.47 MK-DI3
134 2.07 2.73 1.67 1.87 1.73 UY-NE1
135 1.93 2.47 1.73 2.27 2.07 UY-NE2
136 2.27 3.27 1.53 2.27 2.20 UY-NE3
137 3.73 2.60 1.40 1.53 1.60 UY-HA1
138 4.00 2.13 1.33 1.67 1.53 UY-HA2
139 3.87 1.93 1.33 1.40 1.53 UY-HA3
140 1.50 3.13 1.67 2.87 3.47 UY-SA1
141 1.47 4.00 1.40 2.60 3.20 UY-SA2
142 1.73 4.00 1.33 2.60 2.73 UY-SA3
143 2.20 2.53 4.07 1.53 1.53 UY-SU1
144 1.67 2.73 3.87 1.40 1.47 UY-SU2
145 2.07 3.33 4.60 2.00 1.93 UY-SU3
146 1.47 3.47 1.60 3.73 3.47 UY-AN1
147 1.20 2.60 1.33 3.47 3.53 UY-AN2
148 1.36 2.57 1.29 2.93 3.50 UY-AN3
149 1.67 3.07 1.93 2.67 3.73 UY-DI1
150 1.47 3.00 1.53 2.60 4.27 UY-DI2
151 1.40 3.33 1.47 3.40 4.53 UY-DI3
155 1.80 2.33 3.20 1.60 1.80 KL-NE1
156 2.00 2.47 2.33 2.13 1.93 KL-NE2
157 2.00 1.93 3.67 1.80 1.80 KL-NE3
158 3.93 1.80 1.53 1.53 1.33 KL-HA1
159 4.27 2.07 1.53 1.73 1.73 KL-HA2
160 4.00 1.80 1.80 1.53 1.33 KL-HA3
161 1.00 4.40 1.33 2.53 3.20 KL-SA1
162 1.20 4.07 1.40 2.27 3.40 KL-SA2
163 1.40 4.33 1.80 3.00 3.27 KL-SA3
164 1.73 3.00 4.67 2.27 2.20 KL-SU1
165 1.73 2.07 4.40 2.07 1.60 KL-SU2
166 1.67 2.13 4.60 2.00 1.93 KL-SU3
167 1.80 3.80 1.47 3.73 3.47 KL-AN1
168 1.73 3.80 1.60 3.80 3.73 KL-AN2
169 1.53 3.73 1.33 3.80 3.67 KL-AN3
170 1.13 3.27 1.73 3.60 4.40 KL-DI1
171 1.27 3.80 1.80 3.67 4.73 KL-DI2
172 1.27 3.60 1.73 2.93 4.20 KL-DI3
173 1.20 3.20 1.73 3.33 4.13 KL-DI4
177 2.73 2.93 1.60 1.60 1.47 TM-NE1
178 2.40 1.80 1.53 1.53 1.60 TM-NE2
179 2.80 2.33 1.80 1.67 1.60 TM-NE3
180 3.87 1.87 1.20 1.20 1.13 TM-HA1
181 3.87 2.13 1.20 1.27 1.27 TM-HA2
182 4.53 2.13 1.27 1.40 1.47 TM-HA3
183 4.60 1.67 1.13 1.40 1.27 TM-HA4
184 1.93 3.47 1.40 1.40 2.33 TM-SA1
185 1.27 3.93 1.33 1.67 2.33 TM-SA2
186 1.40 3.87 1.53 1.80 2.40 TM-SA3
187 1.93 2.93 4.73 2.00 3.07 TM-SU1
188 1.93 2.73 4.27 1.87 1.60 TM-SU2
189 1.93 3.20 4.60 2.00 2.27 TM-SU3
190 1.60 3.13 1.80 4.07 3.80 TM-AN1
191 1.33 2.73 1.40 3.27 3.40 TM-AN2
192 1.20 2.67 1.47 3.87 3.93 TM-AN3
193 1.67 1.73 2.80 3.40 4.87 TM-DI1
194 2.13 2.27 2.40 3.33 4.60 TM-DI2
195 1.20 2.60 1.87 2.87 4.33 TM-DI3
199 2.40 1.87 1.80 2.27 1.87 NA-NE1
200 3.00 2.93 1.53 2.53 1.93 NA-NE2
201 3.47 2.13 1.40 1.67 1.67 NA-NE3
202 4.47 1.20 1.20 1.13 1.07 NA-HA1
203 4.60 1.07 1.13 1.13 1.13 NA-HA2
204 4.73 1.87 1.40 1.60 1.47 NA-HA3
205 2.00 4.07 1.40 2.47 2.47 NA-SA1
206 1.27 3.07 1.20 3.27 3.73 NA-SA2
207 1.47 2.93 1.60 2.80 2.87 NA-SA3
208 4.20 1.87 3.00 1.47 1.27 NA-SU1
209 2.60 1.60 4.27 1.53 1.47 NA-SU2
210 2.20 1.53 4.33 1.29 1.33 NA-SU3
211 1.20 2.07 1.64 4.13 4.00 NA-AN1
212 2.07 2.67 1.60 4.20 3.47 NA-AN2
213 1.73 2.27 1.53 4.33 3.60 NA-AN3
214 1.20 2.40 1.73 3.60 4.40 NA-DI1
215 1.60 3.80 1.40 2.60 3.67 NA-DI2
216 1.60 3.27 1.40 4.33 3.87 NA-DI3
